NUMBER_OF_JOINTS: 7
DH_ANGLES:     0.0 0.0 0.0 0.0 0.0 0.0 0.0
DH_LENGTHS:    0.0 0.0 0.0 0.0 0.0 0.03175 0.01905
DH_OFFSETS:    0.1524 0.0 0.5461 0.06985 0.6223 0.0 0.0
DH_TWISTS:     3.14159 -3.14159 3.14159 -3.14159 3.14159 -3.14159 0.0
JOINT_TYPES:      0 0 0 0 0 0 0
RESOLUTIONS:      0.001 0.001 0.001 0.001 0.001 0.001 0.001
MIN_POSITIONS:    -3.054 -2.181 -3.054 -2.181 -1.57 -1.047 -1.047
MAX_POSITIONS:     3.054  2.181  3.054  2.181  1.57  1.047  1.047
MAX_VELOCITIES:      3.14159 3.14159 3.14159 3.14159 3.14159 3.14159 3.14159
MAX_ACCELERATIONS:   10.0 10.0 10.0 10.0 10.0 10.0 10.0
STOW_POSITIONS:      0.0 0.0 0.0 0.0 0.0 0.0 0.0