NUMBER_OF_JOINTS: 7
DH_ANGLES:     0.0 0.0 0.0 0.0 0.0 0.0 0.0
DH_LENGTHS:    0.0 0.0 0.0 0.0 0.0 0.03175 0.01905
DH_OFFSETS:    0.1524 0.0 0.5461 0.06985 0.6223 0.0 0.0
DH_TWISTS:     3.14159 -3.14159 3.14159 -3.14159 3.14159 -3.14159 0.0
JOINT_TYPES:      0 0 0 0 0 0 0
RESOLUTIONS:      0.001 0.001 0.001 0.001 0.001 0.001 0.001
MIN_POSITIONS:    -2.094 -1.920 -2.618 -1.920 -1.484 -0.698 -0.960
MAX_POSITIONS:     2.094  1.920  2.618  1.920  1.484  0.698  0.960
MAX_VELOCITIES:      3.14159 3.14159 3.14159 3.14159 3.14159 3.14159 3.14159
MAX_ACCELERATIONS:   10.0 10.0 10.0 10.0 10.0 10.0 10.0
STOW_POSITIONS:      0.0 0.0 0.0 0.0 0.0 0.0 0.0